<?xml version="1.0" encoding="UTF-8"?>
<!DOCTYPE X3D PUBLIC "ISO//Web3D//DTD X3D 3.0//EN" "http://www.web3d.org/specifications/x3d-3.0.dtd">
<X3D version="3.0" profile="Immersive" xmlns:xsd="http://www.w3.org/2001/XMLSchema-instance" xsd:noNamespaceSchemaLocation="http://www.web3d.org/specifications/x3d-3.0.xsd">
	<head>
		<meta name="filename" content="untitled.x3d" />
		<meta name="generator" content="Blender 2.79 (sub 0)" />
	</head>
	<Scene>
		<NavigationInfo headlight="true"
		                visibilityLimit="0.0"
		                type='"EXAMINE", "ANY"'
		                avatarSize="0.25, 1.75, 0.75"
		                />
		<Background DEF="WO_World"
		            groundColor="0.051 0.051 0.051"
		            skyColor="0.051 0.051 0.051"
		            />
		<Transform DEF="Cube_TRANSFORM"
		           translation="-2.862976 1.274209 3.846110"
		           scale="1.000000 1.000000 1.000000"
		           rotation="0.000000 0.707107 0.707107 3.141593"
		           >
			<Transform DEF="Cube_ifs_TRANSFORM"
			           translation="0.000000 0.000000 0.000000"
			           scale="1.000000 1.000000 1.000000"
			           rotation="1.000000 0.000000 0.000000 0.000000"
			           >
				<Group DEF="group_ME_Cube_001">
					<Shape>
						<Appearance>
						</Appearance>
						<IndexedFaceSet solid="false"
						                coordIndex="0 1 3 2 -1 2 3 7 6 -1 6 7 5 4 -1 1 0 4 5 -1 4 0 2 6 -1 7 3 1 5 -1 "
						                >
							<Coordinate DEF="coords_ME_Cube_001"
							            point="-1.000000 -1.000000 -1.000000 -1.000000 -1.000000 1.000000 -1.000000 1.000000 -1.000000 -1.000000 1.000000 1.000000 1.000000 -1.000000 -1.000000 1.000000 -1.000000 1.000000 1.000000 1.000000 -1.000000 1.000000 1.000000 1.000000 "
							            />
						</IndexedFaceSet>
					</Shape>
				</Group>
			</Transform>
		</Transform>
		<Transform DEF="Plane_TRANSFORM"
		           translation="-0.852948 1.339700 -5.641160"
		           scale="1.000000 1.000000 1.000000"
		           rotation="0.000000 0.707107 0.707107 3.141593"
		           >
			<Transform DEF="Plane_ifs_TRANSFORM"
			           translation="0.000000 0.000000 0.000000"
			           scale="1.000000 1.000000 1.000000"
			           rotation="1.000000 0.000000 0.000000 0.000000"
			           >
				<Group DEF="group_ME_Plane">
					<Shape>
						<Appearance>
						</Appearance>
						<IndexedFaceSet solid="false"
						                coordIndex="0 1 3 2 -1 "
						                >
							<Coordinate DEF="coords_ME_Plane"
							            point="-1.000000 -1.000000 0.000000 1.000000 -1.000000 0.000000 -1.000000 1.000000 0.000000 1.000000 1.000000 0.000000 "
							            />
						</IndexedFaceSet>
					</Shape>
				</Group>
			</Transform>
		</Transform>
		<Transform DEF="Icosphere_TRANSFORM"
		           translation="-1.000191 2.666466 -5.830888"
		           scale="1.000000 1.000000 1.000000"
		           rotation="0.000000 0.707107 0.707107 3.141593"
		           >
			<Transform DEF="Icosphere_ifs_TRANSFORM"
			           translation="0.000000 0.000000 0.000000"
			           scale="1.000000 1.000000 1.000000"
			           rotation="1.000000 0.000000 0.000000 0.000000"
			           >
				<Group DEF="group_ME_Icosphere">
					<Shape>
						<Appearance>
						</Appearance>
						<IndexedFaceSet solid="false"
						                coordIndex="0 13 12 -1 1 13 15 -1 0 12 17 -1 0 17 19 -1 0 19 16 -1 1 15 22 -1 2 14 24 -1 3 18 26 -1 4 20 28 -1 5 21 30 -1 1 22 25 -1 2 24 27 -1 3 26 29 -1 4 28 31 -1 5 30 23 -1 6 32 37 -1 7 33 39 -1 8 34 40 -1 9 35 41 -1 10 36 38 -1 38 41 11 -1 38 36 41 -1 36 9 41 -1 41 40 11 -1 41 35 40 -1 35 8 40 -1 40 39 11 -1 40 34 39 -1 34 7 39 -1 39 37 11 -1 39 33 37 -1 33 6 37 -1 37 38 11 -1 37 32 38 -1 32 10 38 -1 23 36 10 -1 23 30 36 -1 30 9 36 -1 31 35 9 -1 31 28 35 -1 28 8 35 -1 29 34 8 -1 29 26 34 -1 26 7 34 -1 27 33 7 -1 27 24 33 -1 24 6 33 -1 25 32 6 -1 25 22 32 -1 22 10 32 -1 30 31 9 -1 30 21 31 -1 21 4 31 -1 28 29 8 -1 28 20 29 -1 20 3 29 -1 26 27 7 -1 26 18 27 -1 18 2 27 -1 24 25 6 -1 24 14 25 -1 14 1 25 -1 22 23 10 -1 22 15 23 -1 15 5 23 -1 16 21 5 -1 16 19 21 -1 19 4 21 -1 19 20 4 -1 19 17 20 -1 17 3 20 -1 17 18 3 -1 17 12 18 -1 12 2 18 -1 15 16 5 -1 15 13 16 -1 13 0 16 -1 12 14 2 -1 12 13 14 -1 13 1 14 -1 "
						                >
							<Coordinate DEF="coords_ME_Icosphere"
							            point="0.000000 0.000000 -1.000000 0.723607 -0.525725 -0.447220 -0.276388 -0.850649 -0.447220 -0.894426 0.000000 -0.447216 -0.276388 0.850649 -0.447220 0.723607 0.525725 -0.447220 0.276388 -0.850649 0.447220 -0.723607 -0.525725 0.447220 -0.723607 0.525725 0.447220 0.276388 0.850649 0.447220 0.894426 0.000000 0.447216 0.000000 0.000000 1.000000 -0.162456 -0.499995 -0.850654 0.425323 -0.309011 -0.850654 0.262869 -0.809012 -0.525738 0.850648 0.000000 -0.525736 0.425323 0.309011 -0.850654 -0.525730 0.000000 -0.850652 -0.688189 -0.499997 -0.525736 -0.162456 0.499995 -0.850654 -0.688189 0.499997 -0.525736 0.262869 0.809012 -0.525738 0.951058 -0.309013 0.000000 0.951058 0.309013 0.000000 0.000000 -1.000000 0.000000 0.587786 -0.809017 0.000000 -0.951058 -0.309013 0.000000 -0.587786 -0.809017 0.000000 -0.587786 0.809017 0.000000 -0.951058 0.309013 0.000000 0.587786 0.809017 0.000000 0.000000 1.000000 0.000000 0.688189 -0.499997 0.525736 -0.262869 -0.809012 0.525738 -0.850648 0.000000 0.525736 -0.262869 0.809012 0.525738 0.688189 0.499997 0.525736 0.162456 -0.499995 0.850654 0.525730 0.000000 0.850652 -0.425323 -0.309011 0.850654 -0.425323 0.309011 0.850654 0.162456 0.499995 0.850654 "
							            />
						</IndexedFaceSet>
					</Shape>
				</Group>
			</Transform>
		</Transform>
	</Scene>
</X3D>